55 45 5 1 12 5 26 15 25 14 0 0 0 0 30 7 0 0 1 0 0 0 
65 55 6 1 18 6 35 32 35 20 0 0 0 0 35 9 0 0 1 0 0 0 
75 70 6 1 40 6 30 45 55 45 0 0 0 0 40 10 0 0 1 0 0 0 
105 95 8 1 45 7 35 45 55 45 0 0 0 0 45 12 0 0 1 0 0 0 
70 65 6 1 35 4 28 45 55 45 0 0 0 0 35 10 0 0 1 0 0 0 
0 0 0 0 0 0 0 0 0 0 0 0 0 0 0 0 0 0 0 0 0 0 
0 0 0 0 0 0 0 0 0 0 0 0 0 0 0 0 0 0 0 0 0 0 
0 0 0 0 0 0 0 0 0 0 0 0 0 0 0 0 0 0 0 0 0 0 
0 0 0 0 0 0 0 0 0 0 0 0 0 0 0 0 0 0 0 0 0 0 
0 0 0 0 0 0 0 0 0 0 0 0 0 0 0 0 0 0 0 0 0 0 
0 0 0 0 0 0 0 0 0 0 0 0 0 0 0 0 0 0 0 0 0 0 
0 0 0 0 0 0 0 0 0 0 0 0 0 0 105 105 85 100 0 0 0 0 
0 0 0 0 0 0 0 0 0 0 0 0 0 0 0 0 0 0 0 0 0 0 
0 0 0 0 0 0 0 0 0 0 0 0 0 0 0 0 0 0 0 0 0 0 
0 0 0 0 0 0 0 0 0 0 0 0 0 0 0 0 0 0 0 0 0 0 
75 75 6 1 30 6 35 25 35 25 0 0 0 0 95 65 0 0 1 0 0 0 
0 0 0 0 0 0 0 0 0 0 0 0 0 0 0 0 0 0 0 0 0 0 
0 0 0 0 0 0 0 0 0 0 0 0 0 0 0 0 0 0 0 0 0 0 
125 115 10 1 65 17 55 65 75 65 0 0 0 0 55 22 0 0 1 0 0 0 
0 0 0 0 0 0 0 0 0 0 0 0 0 0 0 0 0 0 0 0 0 0 
0 0 0 0 0 0 0 0 0 0 0 0 0 0 0 0 0 0 0 0 0 0 
105 95 8 1 45 7 35 45 55 45 0 0 0 0 45 12 0 0 1 0 0 0 
