0 0 0 0 0 0 0 0 0 0 0 0 0 0 0 0 0 0 0 0 0 0 
0 0 55 15 85 65 85 70 85 75 0 0 0 0 0 0 0 0 15 0 0 0 
0 0 55 15 85 65 85 70 85 75 10 5 1 1 0 0 0 0 15 1 0 5 
0 0 85 55 105 105 105 105 105 105 35 30 10 10 0 0 0 0 45 10 0 25 
0 0 0 0 0 0 0 0 0 0 0 0 0 0 0 0 0 0 0 0 0 0 
105 105 25 10 60 45 55 50 55 50 0 0 0 0 105 105 65 75 5 0 45 0 
0 0 0 0 0 0 0 0 0 0 0 0 0 0 115 115 100 100 0 0 65 0 
90 85 70 45 80 75 80 75 80 70 55 50 60 40 0 0 0 0 40 45 0 50 
95 90 80 55 90 85 90 80 85 80 60 60 85 55 0 0 0 0 50 60 0 60 
0 0 0 0 0 0 0 0 0 0 0 0 0 0 0 0 0 0 0 0 0 0 
0 0 0 0 0 0 0 0 0 0 0 0 0 0 0 0 0 0 0 0 0 0 
0 0 0 0 0 0 0 0 0 0 25 25 90 5 0 0 0 0 0 5 0 25 
0 0 0 0 0 0 0 0 0 0 95 25 55 55 0 0 0 0 0 75 0 95 
95 90 80 55 90 85 90 80 85 80 95 95 95 50 0 0 0 0 50 60 0 95 
0 0 0 0 0 0 0 0 0 0 0 0 0 0 0 0 0 0 0 0 0 0 
0 0 55 25 55 25 65 65 65 60 25 25 25 25 95 65 0 0 20 25 0 55 
0 0 0 0 0 0 0 0 0 0 0 0 0 0 100 100 55 100 0 0 65 0 
110 110 105 95 105 95 105 105 105 105 95 50 95 75 0 0 0 0 90 75 0 85 
0 0 105 75 125 115 125 115 125 125 40 30 15 15 0 0 0 0 55 15 0 30 
0 0 0 0 0 0 0 0 0 0 0 0 0 0 115 115 100 100 0 0 65 0 
0 0 0 0 0 0 0 0 0 0 0 0 0 0 0 0 0 0 0 0 0 0 
0 0 85 55 105 105 105 105 105 105 55 90 25 25 0 0 0 0 45 25 0 55
