0   0   0   0   0   0   0   0   0   0   0   0   0   0   0   0   0   0   0   0   0   0   0   0   0   0   0   0   0   0   0 0
                                                   
0   0   55   15   85   65   85   70   85   75   0   0   0   0   0   0   0   0   15   5   55   0   0   0   0   65   65   55   0   0   0 30
                                                   
0   0   55   15   85   65   85   70   85   75   10   5   1   1   0   0   0   0   15   10   55   10   1   0   0   65   65   55   0   0   5 20
                                                   
0   0   85   55   105   105   105   105   105   105   35   30   10   10   0   0   0   0   45   25   85   35   10   0   0   95   95   85   0   0   25 30
                                                   
0   0   0   0   0   0   0   0   0   0   0   0   0   0   0   0   0   0   0   0   0   0   0   0   0   0   0   0   0   0   0 0
                                                   
105   105   25   10   60   45   55   50   55   50   0   0   0   0   105   105   65   75   5   1   25   0   0   75   120   55   55   25   115   45   0 30
                                                   
0   0   0   0   0   0   0   0   0   0   0   0   0   0   115   115   100   100   0   0   0   0   0   100   120   0   0   0   115   65   0 0
                                                   
90   85   70   45   80   75   80   75   80   70   55   50   60   40   0   0   0   0   40   15   70   55   45   0   0   80   80   70   0   0   50 5
                                                   
95   90   80   55   90   85   90   80   85   80   60   60   85   55   0   0   0   0   50   25   80   60   60   0   0   85   85   80   0   0   60 15
                                                   
0   0   0   0   0   0   0   0   0   0   0   0   0   0   0   0   0   0   0   0   0   0   0   0   0   0   0   0   0   0   0 0
                                                   
0   0   0   0   0   0   0   0   0   0   0   0   0   0   0   0   0   0   0   0   0   0   0   0   0   0   0   0   0   0   0 0
                                                   
0   0   0   0   0   0   0   0   0   0   25   25   90   5   0   0   0   0   0   0   0   25   5   0   0   65   65   0   0   0   25 0
                                                   
0   0   0   0   0   0   0   0   0   0   95   25   55   55   0   0   0   0   0   0   0   95   75   0   0   0   0   0   0   0   95 0
                                                   
95   90   80   55   90   85   90   80   85   80   95   95   95   50   0   0   0   0   50   25   80   95   60   0   0   95   95   80   0   0   95 20
                                                   
0   0   0   0   0   0   0   0   0   0   0   0   0   0   0   0   0   0   0   0   0   0   0   0   0   0   0   0   0   0   0 0
                                                   
0   0   55   25   55   25   65   65   65   60   25   25   25   25   95   65   0   0   20   10   55   25   25   0   0   65   65   55   0   0   55 25
                                                   
0   0   0   0   0   0   0   0   0   0   0   0   0   0   100   100   55   100   0   0   0   0   0   85   120   0   0   0   120   65   0 0
                                                   
110   110   105   95   105   95   105   105   105   105   95   50   95   75   0   0   0   0   90   35   105   95   75   0   0   105   105   105   0   0   85 35
                                                   
0   0   105   75   125   115   125   115   125   125   40   30   15   15   0   0   0   0   55   35   105   40   15   0   0   125  125  105   0   0   30 35
                                                   
0   0   180   125   195   195   195   195   195   195   75   65   45   45   0   0   0   0   115   65   180   105   45   0   0   195   195   180   0   0   60 45
                                                   
95   90   80   55   90   85   90   80   85   80   60   60   85   55   105   105   65   75   50   25   80   60   60   75   120   85   85   80   105   45   60 15
                                                   
0   0   0   0   0   0   0   0   0   0   0   0   0   0   0   0   0   0   0   0   0   0   0   0   0   0   0   0   0   0   0 0
                                                   
0   0   0   0   0   0   0   0   0   0   0   0   0   0   115   115   100   100   0   0   0   0   0   100   120   0   0   0   115   65   0 0
                                                   
90   90   75   70   85   50   85   75   85   85   65   35   55   45   95   85   45   70   60   15   80   65   45   55   120   85   85   80   85   45   65 30
                                                   
0   0   0   0   0   0   0   0   0   0   0   0   0   0   0   0   0   0   0   0   0   0   0   0   0   0   0   0   0   0   0 0
                                                   
0   0   95   75   95   95   80   80   80   95   50   35   35   15   0   0   0   0   55   30   70   50   15   0   0   95   95   95   0   0   35 30
                                                   
95   90   75   50   85   80   85   80   85   75   55   50   50   40   0   0   0   0   45   20   75   55   45   0   0   85   85   75   0   0   50 10
                                                   
0   0   0   0   0   0   0   0   0   0   0   0   0   0   0   0   0   0   0   0   0   0   0   0   0   0   0   0   0   0   0 0
                                                   
50   45   40   25   45   40   45   40   45   40   30   30   45   25   50   50   35   40   20   10   40   30   30   45   100   45   45   40   55   22   30 5
                                                   
0   0   0   0   0   0   0   0   0   0   0   0   0   0   0   0   0   0   0   0   0   0   0   0   0   0   0   0   0   0   0 0
                                                   
0   0   85   55   105   105   105   105   105   105   55   90   25   25   0   0   0   0   45   25   100   55   25   0   0   95   95   105   0   0   55 35

0 0 0 0 0 0 0 0 0 0 0 0 0 0 0 0 0 0 0 0 0 0 0 0 0 0 0 0 0 0 0 0